name: repeatmasker
channels:
  - conda-forge
  - bioconda
  - defaults
  - gwforg
  - hcc
dependencies:
  - _libgcc_mutex=0.1=conda_forge
  - _openmp_mutex=4.5=2_gnu
  - bzip2=1.0.8=h7f98852_4
  - c-ares=1.11.0=h470a237_1
  - ca-certificates=2023.5.7=hbcca054_0
  - cached-property=1.5.2=hd8ed1ab_1
  - cached_property=1.5.2=pyha770c72_1
  - curl=7.71.1=he644dc0_8
  - entrez-direct=16.2=he881be0_1
  - gettext=0.21.1=h27087fc_0
  - h5py=3.3.0=nompi_py39h98ba4bc_100
  - hdf5=1.10.6=nompi_h6a2412b_1114
  - hmmer=3.3.2=hdbdd923_4
  - krb5=1.17.2=h926e7f8_0
  - ld_impl_linux-64=2.40=h41732ed_0
  - libblas=3.9.0=17_linux64_openblas
  - libcblas=3.9.0=17_linux64_openblas
  - libcurl=7.71.1=hcdd3856_8
  - libedit=3.1.20191231=he28a2e2_2
  - libev=4.33=h516909a_1
  - libffi=3.4.2=h7f98852_5
  - libgcc-ng=13.1.0=he5830b7_0
  - libgfortran-ng=13.1.0=h69a702a_0
  - libgfortran5=13.1.0=h15d22d2_0
  - libgomp=13.1.0=he5830b7_0
  - libidn2=2.3.4=h166bdaf_0
  - liblapack=3.9.0=17_linux64_openblas
  - libnghttp2=1.41.0=hab1572f_1
  - libnsl=2.0.0=h7f98852_0
  - libopenblas=0.3.23=pthreads_h80387f5_0
  - libsqlite=3.42.0=h2797004_0
  - libssh2=1.10.0=haa6b8db_3
  - libstdcxx-ng=13.1.0=hfd8a6a1_0
  - libunistring=0.9.10=h7f98852_0
  - libuuid=2.38.1=h0b41bf4_0
  - libzlib=1.2.13=h166bdaf_4
  - ncurses=6.4=hcb278e6_0
  - nettle=3.8.1=hc379101_1
  - numpy=1.24.3=py39h6183b62_0
  - openssl=1.1.1u=hd590300_0
  - pcre=8.45=h9c3ff4c_0
  - perl=5.26.2=h36c2ea0_1008
  - perl-archive-tar=2.32=pl526_0
  - perl-carp=1.38=pl526_3
  - perl-common-sense=3.74=pl526_2
  - perl-compress-raw-bzip2=2.087=pl526he1b5a44_0
  - perl-compress-raw-zlib=2.087=pl526hc9558a2_0
  - perl-exporter=5.72=pl526_1
  - perl-exporter-tiny=1.002001=pl526_0
  - perl-extutils-makemaker=7.36=pl526_1
  - perl-io-compress=2.087=pl526he1b5a44_0
  - perl-io-zlib=1.10=pl526_2
  - perl-json=4.02=pl526_0
  - perl-json-xs=2.34=pl526h6bb024c_3
  - perl-list-moreutils=0.428=pl526_1
  - perl-list-moreutils-xs=0.428=pl526_0
  - perl-pathtools=3.75=pl526h14c3975_1
  - perl-scalar-list-utils=1.52=pl526h516909a_0
  - perl-types-serialiser=1.0=pl526_2
  - perl-xsloader=0.24=pl526_0
  - pip=23.1.2=pyhd8ed1ab_0
  - python=3.9.15=h47a2c10_0_cpython
  - python_abi=3.9=3_cp39
  - readline=8.2=h8228510_1
  - repeatmasker=4.1.2.p1=pl5262hdfd78af_0
  - rmblast=2.14.0=h21a3994_1
  - setuptools=67.7.2=pyhd8ed1ab_0
  - tk=8.6.12=h27826a3_0
  - trf=4.09.1=h031d066_4
  - tzdata=2023c=h71feb2d_0
  - wget=1.20.3=ha56f1ee_1
  - wheel=0.40.0=pyhd8ed1ab_0
  - xz=5.2.6=h166bdaf_0
  - zlib=1.2.13=h166bdaf_4
prefix: /home/juliasalas/miniconda3/envs/repeatmasker
